Wavelength	I1	I1 dark	R1	R1dark	XCorrect	I1c	R1c	I1c/R1c	Abs	Percent T
nm	uA	uA	uA	uA		uA	uA	uA/uA	OD	T*100
	Abs Detector Raw	Dark Offset for Abs Detector	Ref Detector Raw	Dark Offset for Ref Detector	Linear interp	Dark subtracted Abs Detector	Corrected Ref Detector	Corrected Intensity 	-Log(T)	% Transmittance
650	0.700380237679934	0.0030268326085261	1.14552831878695	0.00128833392105294	1.01528286933899	0.697353405071408	1.16172725504705	0.600272914353864	4.48005232730817E-4	99.8968961715131
647	0.711424532679749		1.1645012703713		1.01375162601471	0.708397700071223	1.17920900572778	0.600739730302531	4.46599360995679E-4	99.897219552205
644	0.719962111380986		1.17964404680005		1.0125560760498	0.71693527877246	1.19315123682362	0.600875443653787	4.55135038634496E-4	99.89525617915
641	0.739174952490739		1.21244531681058		1.01147246360779	0.736148119882212	1.22505193729905	0.600911763386332	4.59520919875175E-4	99.8942473555612
638	0.765871528311799		1.25743307603023		1.01019382476807	0.762844695703273	1.26894966149357	0.601162298909001	5.10376381723042E-4	99.8825505211157
635	0.800674686742068		1.31591349083562		1.00853979587555	0.797647854133542	1.32585178740748	0.601611629376186	5.72652855834296E-4	99.868228701788
632	0.83289408297563		1.36985097658201		1.00657165050507	0.829867250367104	1.37755635804281	0.602419817905782	5.21985583410556E-4	99.879880578889
629	0.862805071015292		1.42033317669768		1.00450956821442	0.859778238406766	1.42544412229444	0.60316516442808	5.65204292129942E-4	99.8699415516482
626	0.895585360190949		1.47527850667832		1.0021505355835	0.892558527582423	1.47716004107351	0.604239556151118	5.35910392511386E-4	99.8766781758388
623	0.927764395706899		1.52932551268795		0.999712884426117	0.924737563098373	1.5275984554954	0.605353821726982	5.52655602240531E-4	99.8728272780021
620	0.953440291600397		1.57248102826257		0.997710049152374	0.950413458991871	1.56759474029933	0.606287731490085	5.71893222101489E-4	99.8684033835877
617	0.973623883438693		1.60680796782268		0.997047364711761	0.970597050830166	1.60077911997461	0.60632790540494	5.89223289296479E-4	99.8644183188851
614	0.991401017156721		1.6371151637465		0.997688949108124	0.988374184548195	1.63204635077142	0.605604236718534	5.94658545520682E-4	99.8631685095338
611	1.00901126366839		1.66709933476926		0.998759865760803	1.00598443105986	1.66374517159003	0.604650548796753	5.79970913865358E-4	99.8665458912387
608	1.03028259903261		1.70313658926394		0.998934507369995	1.02725576642408	1.70003494856943	0.604255675619205	5.75548472472177E-4	99.8675628422097
605	1.05738140629737		1.74878497775341		0.997636795043945	1.05435457368885	1.74336695110296	0.604780636125857	5.91665391700316E-4	99.8638567680008
602	1.08940432792235		1.80215337902942		0.995446860790253	1.08637749531382	1.79266545586002	0.606012400006133	6.03282014517053E-4	99.8611856190673
599	1.12443441445229		1.86016721241577		0.99359917640686	1.12140758184377	1.84698052271246	0.607157232062674	6.02957357621498E-4	99.8612602703373
596	1.16578513999507		1.92870734336748		0.992646038532257	1.16275830738655	1.91324484431877	0.607741508275466	6.39604544686479E-4	99.8528340065082
593	1.20868374455999		1.99980363824941		0.992473423480988	1.20565691195146	1.98347332596592	0.607851336424868	6.65688923696167E-4	99.8468368753922
590	1.2479194841493		2.06482585905893		0.992487251758575	1.24489265154078	2.04803468722479	0.607847444824131	7.04294245098176E-4	99.8379616810903
587	1.28375961889379		2.12413741704948		0.992204189300537	1.28073278628526	2.10629975353282	0.608048680695676	7.3664075049564E-4	99.8305259685961
584	1.31448586449855		2.17495818955148		0.991529524326324	1.31145903189002	2.15525783799571	0.608492872068439	7.57097769472404E-4	99.8258236595609
581	1.34408081066936		2.22398188564466		0.990617990493774	1.34105397806083	2.20184021969191	0.609060533124642	7.76221466553496E-4	99.8214280320283
578	1.37404283264436		2.27349591987064		0.989726066589355	1.37101600003584	2.24886307651638	0.609648499436267	8.05094222006402E-4	99.8147919268088
575	1.4084799955927		2.33039160445775		0.988880574703217	1.40545316298417	2.30320498071147	0.610216274606188	8.32098046898172E-4	99.8085857752703
572	1.44047851597265		2.38299332788037		0.98817640542984	1.43745168336412	2.35354467972502	0.610760312199414	8.23048280901113E-4	99.8106655939056
569	1.47195047934787		2.43480474490967		0.987751841545105	1.46892364673934	2.40371031638424	0.611106769699668	8.96597090278847E-4	99.7937638501479
566	1.50531810860907		2.4894743845838		0.987836420536041	1.50229127600054	2.4579208019144	0.611204101788168	9.19342326301211E-4	99.7885375040414
563	1.54267873284943		2.55081905352813		0.988370537757874	1.53965190024091	2.51988104836827	0.611001817422253	9.34588590718195E-4	99.7850344069788
560	1.58306819069586		2.61691502616442		0.989119052886963	1.58004135808733	2.58716619653762	0.610722790133037	9.68273536515041E-4	99.7772951349751
557	1.62557424094105		2.68617714502828		0.989939033985138	1.62254740833252	2.657876236025	0.610467630636983	0.00101017469436364	99.7676689879924
554	1.6687682233124		2.75616958615486		0.990792453289032	1.66574139070387	2.72951555442069	0.610269975566198	9.92428997370452E-4	99.7717456757445
551	1.71437521775907		2.83032066496013		0.991612553596497	1.71134838515054	2.80530397398871	0.610040266943789	0.00104609927578431	99.7594166070313
548	1.76174499051901		2.90675849180314		0.992179334163666	1.75871815791048	2.88274744667985	0.610084022426611	0.00107409579383267	99.7529858868539
545	1.81156485054943		2.98682861599491		0.992285013198853	1.8085380179409	2.96250687820336	0.610475550705795	0.0011090245377295	99.7449634354224
542	1.85914012562788		3.06305292965518		0.992105305194855	1.85611329301936	3.0375928986856	0.611047416466675	0.00116709911355511	99.7316262658296
539	1.90881860016082		3.14248784877136		0.992104291915894	1.9057917675523	3.11639752044712	0.61153680011877	0.00119488279684291	99.7252462094353
536	1.96605365913623		3.23376366383633		0.992585122585297	1.9630268265277	3.2085069215979	0.611819414604869	0.00122589587506012	99.7181250587781
533	2.03185647137329		3.33856308480429		0.993484437465668	2.02882963876476	3.31553052854961	0.61191704353037	0.00127132858305454	99.707693824483
530	2.1001534858709		3.44699023280854		0.994387984275818	2.09712665326237	3.42636456565008	0.612055901548375	0.001305231795816	99.699910443952
527	2.17311737901196		3.56256728556937		0.994879484176636	2.17009054640344	3.54304336642499	0.612493362900355	0.00136114935717249	99.687074414013
524	2.24694600298454		3.67869756586706		0.994913220405579	2.24391917037601	3.6587030617046	0.613309998797924	0.00140431356590995	99.677167081447
521	2.32301261034661		3.79805731392527		0.994610488414764	2.31998577773808	3.77630624960003	0.614353186525538	0.00145503660811392	99.6655260541639
518	2.40301547257576		3.92342067035794		0.993982315063477	2.39998863996723	3.89853017975686	0.615613713196113	0.00149852053600368	99.6555474986639
515	2.48326814193282		4.04829810394099		0.992034494876862	2.48024130932429	4.01477329296345	0.617778671007731	0.00154697937706186	99.6444284927222
512	2.56572529614435		4.1756457084126		0.990093111991882	2.56269846353583	4.1330024834766	0.620057324857965	0.00162020186853978	99.627629756887
509	2.65123051186714		4.30805506823508		0.989466428756714	2.64820367925862	4.26140110008992	0.621439666686795	0.0017500217790891	99.5978533778575
506	2.75764027218414		4.4721357121107		0.990362167358398	2.75461343957561	4.42775809939251	0.622123742476706	0.00179632916833614	99.5872341531654
503	2.86723121901186		4.63982021339379		0.991448402404785	2.86420438640333	4.59886502140691	0.622806795387768	0.00183283353399296	99.5788637589245
500	2.99015692164567		4.82792255395076		0.99275416135788	2.98713008903715	4.79166120728684	0.623401772332009	0.00184263359518356	99.5766167399355
497	3.20945423522253		5.17068094857726		0.994325041770935	3.206427402614	5.1400565274984	0.623811700408387	0.0018655146626302	99.5713706238558
494	3.52238269100338		5.65925205502346		0.996181428432465	3.51935585839485	5.63635838170686	0.624402427960779	0.00193829783327792	99.5546849114528
491	3.64318537362614		5.83680225450932		0.998144626617432	3.64015854101762	5.8246868633864	0.624953517055039	0.00200992484134091	99.5382669818769
488	3.71720854959989		5.94049997138012		0.999891102313995	3.71418171699137	5.93856487105506	0.625434224873845	0.0020628820508728	99.5261301767632
485	4.05943765956054		6.46855820169198		1.00117957592011	4.05641082695201	6.47489850357577	0.626482534778244	0.00215976442474332	99.503930372873
482	4.34551500949165		6.90181457203108		1.00216424465179	4.34248817688312	6.91546066511543	0.627939104445855	0.00225944757450684	99.4810939626479
479	4.39674520459944		6.96251073389793		1.00316166877747	4.39371837199092	6.98323147949188	0.629181258690084	0.00237779686729929	99.4539881311065
476	4.87070278327201		7.69667869971434		1.0043808221817	4.86767595066348	7.72910250260461	0.629785405100157	0.00248500380359023	99.4294406364256
473	5.86274476661269		9.24815417691339		1.00593769550323	5.85971793400416	9.30177091672729	0.629957240020466	0.00253767175467122	99.4173833167725
470	6.62177794717349		10.3956480419571		1.00837337970734	6.61875111456497	10.4813956286861	0.63147612675266	0.00260700744577431	99.4015124663604
467	6.51087769615179		10.1679618709919		1.01152622699738	6.50785086354326	10.2838569240674	0.632821995832411	0.00268893430851352	99.3827627784608
464	5.97827316214716		9.31179958193251		1.01397097110748	5.97524632953863	9.44058813165332	0.632931576530094	0.00280903227787522	99.3552836869021
461	5.52117622061425		8.59158549057206		1.01485335826874	5.51814938800572	8.71789191795367	0.632968318480942	0.00288631693518968	99.3376045401747
458	5.03499438417803		7.84136759562057		1.01428949832916	5.0319675515695	7.95211006121007	0.632783941977256	0.00299357494436917	99.313074092412
455	4.60622282583272		7.1944081084596		1.01259446144104	4.6031959932242	7.28371324417975	0.631984791123196	0.00309645472289045	99.2895506598056
452	4.32419391582684		6.77778495826887		1.01011085510254	4.32116708321832	6.84501279981944	0.631286925180374	0.0032581614211365	99.2525877295491
449	3.9756246374345		6.24636566595872		1.00753307342529	3.97259780482597	6.29212195812654	0.631360585707528	0.00341694958095514	99.2163053091305
446	3.62824271499445		5.70345056314764		1.00557935237885	3.62521588238592	5.73397660162478	0.632234160383333	0.00360198385417643	99.1740424957694
443	3.54650896532104		5.56333287083643		1.00483906269073	3.54348213271251	5.58895961911816	0.634014624222962	0.00380904529168105	99.1267699051572
440	3.64075841562803		5.68763839524207		1.00555241107941	3.6377315830195	5.71792301440288	0.636198069448717	0.00397295249549338	99.0893655016095
437	3.73387987033406		5.80511912963592		1.00733554363251	3.73085303772553	5.84640504975252	0.638144809669569	0.00416833155854398	99.044797509052
434	3.81295199892435		5.89958237388737		1.00950396060944	3.80992516631583	5.95435119418503	0.639855635327081	0.00434482837714835	99.0045539860037
431	3.90523231349702		6.02089391148857		1.01144683361053	3.9022054808885	6.08851100101498	0.640912939179708	0.00456252220983124	98.9549395403279
428	3.9507339099949		6.08370919932351		1.01243805885315	3.94770707738637	6.15807437409596	0.641061935528493	0.00477173079759103	98.9072823895404
425	3.90765617579203		6.02938581819292		1.01161909103394	3.9046293431835	6.09813849770306	0.640298567284792	0.00497406445557408	98.8612131622276
422	3.80981138858534		5.90549409993797		1.00885629653931	3.80678455597681	5.95649516310984	0.639098068869969	0.00524880769866044	98.7986913899549
419	3.99300129507991		6.22108096391132		1.00495207309723	3.98997446247138	6.25059349774358	0.638335297905988	0.00551510575774233	98.7381291764594
416	3.75342160121301		5.87778240082995		1.00159430503845	3.75039476860448	5.8858629910082	0.63718689584415	0.00584892082345876	98.6622644983567
413	3.5992448196025		5.65984009945471		0.999505758285522	3.59621798699398	5.6557550732076	0.635851082736937	0.00619289365659592	98.5841522863807
410	3.51314988098168		5.54118454817102		0.998442947864532	3.51012304837315	5.5312703070193	0.634596187410825	0.00654530878770013	98.5041870645849
407	3.44308279630071		5.44236556174947		0.998479962348938	3.44005596369219	5.43280658557978	0.633200521591009	0.00697095115246301	98.4076925949432
404	3.42783865817803		5.42335501495044		0.999883472919464	3.42481182556951	5.42143486342857	0.631716863126456	0.00736355963140763	98.3187708200556
401	3.50601096255317		5.54555630596605		1.0028669834137	3.50298412994465	5.56016329636194	0.630014613462284	0.00773970159092386	98.2336539090143
398	3.62206855486287		5.7208739956952		1.00763070583344	3.61904172225434	5.76323013744828	0.627953705811356	0.00815319118292064	98.1401706507117
395	3.68613071769282		5.80892762815586		1.014279961586	3.6831038850843	5.89057216026181	0.625254013511753	0.00859105333310681	98.0412741351635
392	3.70166620102918		5.8164960216803		1.02275133132935	3.69863936842066	5.94751140461242	0.621880164122474	0.00905902893297047	97.9356863018299
389	3.72768272680413		5.83914148545701		1.03292346000671	3.72465589419561	6.03005547629561	0.61768186193931	0.00953610753574967	97.8281616410857
386	3.77462770952671		5.89451397058731		1.0453143119812	3.77160087691818	6.16027310174176	0.612245725900008	0.0100646959607206	97.7091654768335
383	3.82389598813843		5.95630378723494		1.05927264690399	3.82086915552991	6.30798498158598	0.605719443956135	0.0106211186314471	97.5840596240666
380	3.85517336838455		5.99284194871004		1.07346177101135	3.85214653577602	6.43170375444085	0.598930964927646	0.0112333203278267	97.4465975052228
377	3.85898604659197		5.99023906786106		1.08691358566284	3.85595921398344	6.50947191658484	0.592361294955314	0.0118827253344666	97.3009934941992
374	3.86296339276748		5.9909681913933		1.09886765480042	3.85993656015896	6.58186545798582	0.586450237367838	0.0125918643537161	97.1422449232406
371	3.8820236173007		6.0187812113017		1.10769784450531	3.87899678469217	6.6655638896006	0.581945781173002	0.0133683114364926	96.9687257294297
368	3.92039527974503		6.08005252209203		1.11034965515137	3.9173684471365	6.74955372008212	0.580389253808153	0.0141798640730978	96.7876924756711
365	3.98149354854386		6.17981127169341		1.1039605140686	3.97846671593534	6.82084535856783	0.583280591596742	0.0150554778048866	96.5927481246076
362	4.06170878748115		6.31123294109015		1.09065783023834	4.05868195487262	6.88199049417918	0.589754077443943	0.0159145528208588	96.4018675063258
359	4.15115683644014		6.45909447126105		1.07510840892792	4.14813000383161	6.94284168148054	0.597468615033583	0.0167847171069205	96.2089074660708
356	4.23679040055109		6.60431645798545		1.05763041973114	4.23376356794256	6.98356340635076	0.606246885951152	0.0177050266617659	96.0052478929841
353	4.30616794177778		6.72747153805976		1.03917491436005	4.30314110916925	6.98968085513082	0.615642001166692	0.0186365119413224	95.7995541890104
350	4.35853764127555		6.82724552447749		1.02138924598694	4.35551080866702	6.97195926800156	0.624718338309439	0.0195680964701609	95.5942793429137
347	4.39974941357181		6.91469504561243		1.00556933879852	4.39672258096329	6.95190981592077	0.632448161351896	0.020593172741538	95.3689118178331
344	4.42029113468114		6.97402072164491		0.991796970367432	4.41726430207261	6.91553485732739	0.638745143102313	0.0216555012464006	95.135914836301
341	4.42623894227456		7.016564976846		0.979491114616394	4.42321210966603	6.87140113832091	0.643713271955315	0.0228060244164131	94.8842164552837
338	4.40415552195264		7.02262525758351		0.968417704105377	4.40112868934412	6.79958698336351	0.647264120616785	0.0240618245072135	94.6102468237331
335	4.35438734588198		6.99419711072444		0.959338665008545	4.35136051327345	6.7085677704651	0.648627346723781	0.0253819834337016	94.3230893205236
332	4.25681275398671		6.90036686695874		0.951533734798431	4.25378592137818	6.56470596320904	0.647978134164412	0.0267667532355106	94.0228143807819
329	4.12530313048876		6.76085067122716		0.943661332130432	4.12227629788023	6.37873759984098	0.64625268454106	0.0281749749270833	93.7184344285282
326	3.97813273801042		6.60203513231098		0.936539053916931	3.97510590540189	6.18185716170931	0.643027782981442	0.0296462127829646	93.4014862986825
323	3.82562725033855		6.43643943473048		0.930177271366119	3.82260041773002	5.98583129177959	0.638608111621797	0.0311936084716191	93.069288010432
320	3.66968036619606		6.2618718890413		0.923899114131927	3.66665353358753	5.7841476005245	0.633914240579725	0.0328213814310125	92.7211092477123
317	3.51718850889523		6.09103937995828		0.917971193790436	3.5141616762867	5.59021603761735	0.628627168009145	0.0345712365285111	92.3482698819844
314	3.38626532338321		5.95429486146172		0.912828803062439	3.38323849077469	5.43407582315783	0.62259685011326	0.0364341910326252	91.9529801285511
311	3.24245795091097		5.79327282353091		0.908776223659515	3.23943111830244	5.26361779196213	0.615438135202227	0.0384395502873648	91.5293650694223
308	3.09322394027681		5.62219782421449		0.906386494636536	3.09019710766828	5.09471644957631	0.606549380765885	0.0406174373360779	91.071515297439
305	2.93978653854616		5.44112824485989		0.9065181016922	2.93675970593763	4.93131334957374	0.595532974231193	0.0429659703299176	90.5803573453566
302	2.77977239611914		5.24688046487434		0.909419357776642	2.77674556351061	4.77044302688975	0.582072890894791	0.0454769767257952	90.0581504055662
299	2.60091495054476		5.01467183787252		0.915451467037201	2.59788811793623	4.58950928351247	0.566049212988627	0.0481147304493945	89.512826235062
296	2.40078404802413		4.7391451348719		0.92780077457428	2.3977572154156	4.39578720974422	0.545467080412912	0.0509596275650874	88.9283782695784
293	2.19595617652813		4.44744763603747		0.946003019809723	2.1929293439196	4.20608012635722	0.521371271597444	0.0539461978569753	88.3189306676688
290	1.96723219672917		4.10362478340741		0.966469645500183	1.96420536412065	3.96478365405756	0.49541299992762	0.0572326667000196	87.6531107050601
287	1.73119493693014		3.73448700900351		0.985818028450012	1.72816810432162	3.68025455768198	0.469578415632778	0.0606798668741077	86.9601205497709
284	1.51634583622614		3.39136444445659		1.00249874591827	1.51331900361761	3.39854704937937	0.445284111601152	0.0642140576126755	86.2553302643664
281	1.31747251182548		3.0676921337382		1.01538515090942	1.31444567921696	3.11358088502657	0.422165258509333	0.0679944726098355	85.5077595632709
278	1.14813169829315		2.7873260850538		1.02208685874939	1.14510486568463	2.84757257341248	0.402133689717467	0.0718922755713787	84.7437590444918
275	1.0115163137072		2.56350859327235		1.01833760738373	1.00848948109868	2.60920524849792	0.386512131109368	0.0758365227695052	83.9776035723867
272	0.913290199597743		2.41178020276535		1.00533831119537	0.910263366989217	2.4233598245741	0.375620391886786	0.0798808546980186	83.1991990306038
269	0.840146231384152		2.30612015191801		0.986847341060638	0.837119398775626	2.27451715118226	0.368042684725638	0.0838034415933581	82.4511198128347
266	0.778653543641584		2.21921174772426		0.958652377128601	0.775626711033057	2.12621755293163	0.364791791867028	0.0873231094561954	81.7856087419141
263	0.718476396054891		2.12538431035504		0.922678232192993	0.715449563446365	1.95985712054436	0.365051898909674	0.0905298031127676	81.1839535182826
260	0.654900235725433		2.01025076711392		0.885108888149261	0.651873403116907	1.77815050557697	0.366601927717805	0.0933883919107772	80.6513438292741
257	0.586849463597448		1.86887772812804		0.847771346569061	0.583822630988922	1.58328877556495	0.368740459731107	0.0958289106059101	80.1993944984287
254	0.516083631971035		1.70976945850013		0.809171795845032	0.513056799362509	1.38245473974299	0.371120142029308	0.0984212129851789	79.722110438708
251	0.447380066876908		1.54467673394008		0.769091427326202	0.444353234268382	1.18700678748934	0.374347677664289	0.100850840516406	79.2773563714029
248	0.385540168900131		1.38840437067291		0.732784807682037	0.382513336291605	1.01645755822388	0.376320027527755	0.103415841081546	78.8105138088861
245	0.325571052928819		1.22742305295679		0.704018294811249	0.322544220320293	0.863221274104408	0.373651843387354	0.106501120733263	78.2526185689684
242	0.271154317764177		1.07046552184568		0.682201743125916	0.268127485155651	0.729394541312643	0.367602812975704	0.11005990381764	77.6140053424265
239	0.222704083277599		0.918154589837095		0.665178537368774	0.219677250669073	0.609879755073017	0.360197643620376	0.113956172958185	76.9208061380809
